0 0.707833 0.492289 0.069944 0.881742
0 0.946315 0.363596 0.063056 0.652163
0 0.226287 0.381854 0.102037 0.706096
0 0.118514 0.424466 0.092861 0.697388
0 0.322023 0.313160 0.043565 0.575646
0 0.421199 0.309684 0.044713 0.596531
0 0.463046 0.332289 0.025222 0.572163
0 0.608083 0.334031 0.042426 0.666096
0 0.657384 0.307942 0.035546 0.596531
0 0.762296 0.305330 0.038981 0.573919
0 0.821343 0.328813 0.051593 0.589565
0 0.305403 0.309684 0.074528 0.533919
0 0.877523 0.240119 0.035546 0.429565
0 0.492287 0.259249 0.053889 0.391306
