0 0.932470 0.381714 0.080549 0.720329
0 0.883340 0.477758 0.043494 0.370070
0 0.747209 0.500352 0.041888 0.386995
0 0.678742 0.483404 0.066051 0.500000
0 0.599806 0.596397 0.066037 0.725986
0 0.538588 0.552617 0.062825 0.542371
0 0.462068 0.510246 0.054766 0.463263
0 0.420991 0.538486 0.104712 0.892653
0 0.313855 0.490469 0.067657 0.903944
0 0.246198 0.611937 0.070870 0.276831
0 0.219618 0.587653 0.024163 0.203380
0 0.114103 0.689343 0.035435 0.282488
0 0.089130 0.662500 0.046720 0.375704
0 0.048052 0.536796 0.035435 0.480211
0 0.640080 0.548099 0.049933 0.231643
